184
13 39 1
41 39 5
13 38 1
31 38 1
43 38 1
5 37 1
13 37 7
23 37 1
31 37 9
43 37 1
5 36 7
16 36 9
33 36 9
43 36 3
5 35 5
18 35 3
37 35 1
44 35 1
7 34 3
17 34 3
37 34 9
5 33 5
18 33 1
27 33 1
41 33 3
3 32 5
18 32 5
27 32 1
41 32 3
5 31 1
20 31 1
27 31 1
42 31 1
5 30 1
15 30 7
27 30 1
39 30 5
5 29 1
17 29 3
27 29 1
40 29 3
49 29 7
5 28 1
18 28 1
27 28 1
35 28 7
52 28 1
5 27 1
18 27 1
25 27 3
38 27 1
52 27 1
5 26 1
13 26 7
23 26 5
38 26 1
52 26 1
5 25 1
16 25 1
25 25 1
38 25 1
45 25 1
52 25 1
5 24 1
16 24 1
25 24 1
32 24 9
45 24 1
52 24 1
0 23 7
14 23 3
25 23 1
36 23 9
45 23 1
52 23 1
3 22 1
15 22 7
25 22 1
34 22 7
45 22 1
52 22 7
3 21 1
18 21 1
25 21 1
34 21 5
45 21 1
3 20 3
14 20 7
25 20 1
36 20 1
45 20 7
0 19 9
17 19 9
36 19 7
48 19 3
4 18 1
21 18 1
33 18 7
49 18 1
4 17 5
21 17 3
36 17 1
49 17 5
6 16 5
22 16 1
36 16 1
51 16 1
8 15 1
22 15 1
35 15 3
51 15 5
2 14 7
22 14 1
33 14 5
53 14 3
4 13 3
18 13 5
35 13 1
42 13 3
54 13 1
5 12 1
15 12 9
24 12 1
35 12 9
54 12 1
5 11 1
19 11 7
31 11 1
39 11 3
54 11 1
4 10 7
22 10 1
31 10 1
40 10 1
54 10 1
7 9 7
22 9 1
31 9 1
40 9 1
54 9 1
10 8 1
22 8 9
31 8 1
40 8 1
54 8 1
6 7 5
24 7 9
40 7 1
54 7 1
8 6 1
28 6 1
36 6 5
47 6 1
54 6 1
8 5 1
19 5 1
26 5 3
35 5 5
47 5 9
3 4 7
18 4 3
27 4 1
37 4 1
51 4 1
6 3 1
19 3 9
30 3 1
37 3 1
51 3 5
6 2 7
23 2 1
30 2 9
53 2 1
9 1 5
23 1 5
34 1 3
53 1 1
11 0 1
15 0 1
25 0 1
28 0 1
35 0 1
45 0 1
53 0 1
